2310
497
5545
8767
6949
2739
7022
5719
9087
5701
5889
5710
2740
5126
1044
248
1576
4168
5391
7901
3480
5368
8277
2358
298
8000
4969
8093
8901
4445
6034
2588
8459
1233
6298
7329
9591
9745
7550
6200
739
122
2380
3476
4199
6186
9218
7739
7254
5412
6948
4369
4266
5162
6090
9884
985
7263
8362
752
4550
4178
4624
9754
1122
2333
5407
4882
9258
2142
525
4144
1228
9724
862
6241
8560
8154
8866
7417
1901
4595
3736
3556
8542
6871
9058
6715
6522
8189
2025
1305
2394
5362
9319
7015
3624
7495
6599
2298
3182
935
3678
2777
6943
2494
2784
4372
584
2790
9145
3516
9912
9967
481
6969
4482
7661
4529
6293
1189
4128
9326
9477
3246
8005
8470
6236
8437
3528
7051
8668
4945
1231
2063
6227
8879
1605
5399
8753
7337
3187
5821
1419
9671
6207
8661
5326
2847
1190
1713
4447
8525
4992
2013
4253
5065
4718
8197
8310
9922
7668
2352
4005
5129
8970
6839
4415
1988
9879
2948
8098
294
2461
5780
7414
9407
6933
1533
6359
4022
7183
1371
3711
2038
8707
7589
8314
9054
1471
4510
6269
7355
5369
5314
6108
5862
6046
3920
6025
1646
7915
8759
3496
2137
1535
9721
2675
5956
8950
5059
2280
3096
2122
2970
6601
2729
4748
9110
7242
5479
5415
9226
7226
5860
1968
8484
558
4590
3259
9176
9262
6499
422
898
1397
2334
8179
3793
4246
5477
9640
4850
3278
7059
9730
7979
7459
1850
8724
345
1589
8831
9069
4073
6584
8358
5514
3723
5758
6409
8787
1171
5447
7092
2326
666
2023
401
6779
1379
2791
6377
6310
1610
4884
6422
2997
5378
8501
590
9833
2987
1
663
9553
9686
690
5574
4948
8001
6971
3960
694
282
5299
3374
2870
429
8448
5978
7327
1996
6605
5950
413
8801
5964
8355
7910
9850
4375
4458
7129
7070
7510
5084
1084
2000
9481
9976
8987
3359
7604
9655
3766
3994
5864
4206
6497
8115
6397
7763
8281
9431
2139
4155
6681
7935
6028
4419
1964
8491
9273
54
153
5232
505
3566
7111
2807
9697
2915
3419
4656
2503
806
2221
7603
1224
4811
7710
3941
8898
1734
3135
7537
8122
3378
3619
6560
7588
538
2170
265
5724
4597
203
5761
2131
5267
7430
2550
5347
7556
9557
2568
7658
3011
3183
5786
1838
8881
6123
9703
2907
5934
6135
8186
8946
4918
4634
7246
4910
8496
7030
6286
3521
9314
5031
692
6469
981
2924
5419
8037
9772
9522
3905
8334
4964
2222
1030
4759
7894
519
4785
7269
4599
7241
242
9459
924
8061
3706
2
6772
1896
311
5346
8906
2762
2938
1568
8258
1704
1833
126
5015
8178
931
6043
1426
9471
1531
7592
5753
3703
4674
9539
2596
688
2783
9764
7809
8242
759
8378
9572
3621
3991
5927
7482
3049
5383
36
3477
8845
6087
4878
6177
9689
9683
9453
8090
8123
343
6099
8404
427
6500
824
5850
1264
4263
5078
5041
8403
9385
9998
5983
4919
5490
4327
138
1285
5775
1986
2366
8007
6147
9216
9901
3509
3767
1331
4573
674
5613
8376
8152
8947
7294
2294
387
8365
883
4002
9395
8113
4973
627
2250
3883
368
2476
1653
1456
2386
1743
3835
6154
5658
2798
9166
21
6756
9419
3638
7270
5159
4706
6632
8899
9438
8676
7380
9504
5733
3776
9396
8479
28
9286
588
6709
9803
9117
2566
613
7845
8960
158
8173
6189
6754
9434
5634
417
8533
4202
4
2474
9928
1017
5211
5929
77
6013
9146
3174
9588
8346
7796
3147
113
6766
6217
659
6659
9617
2785
5630
5591
6433
6163
6256
917
7599
8327
1244
1840
546
4848
3048
4734
9942
2147
4218
4616
1270
5842
1744
1221
849
7916
2818
6828
7486
8578
9623
7664
7209
8288
6990
8644
3609
3951
3791
6329
7818
5049
7158
4477
3443
3329
6965
6276
6979
5653
3838
9534
8905
9085
4745
6961
7280
5967
8686
5004
6621
4899
3882
4214
860
3223
2673
6635
6800
7792
3870
9718
2671
6738
1551
7008
7332
2177
1009
5234
5051
7976
8223
9178
6909
8057
9378
10
3610
8092
8912
1567
3455
3293
585
1813
8085
9558
8784
521
7741
618
7996
2535
5030
7919
4159
5826
7156
6313
5379
88
3355
2212
2677
3312
4990
3549
8958
42
207
5102
8086
4731
1205
7815
8917
520
4771
1924
240
9328
819
1080
305
2158
2451
8855
1032
2003
5194
6121
5494
1433
7315
2934
5865
6720
8119
913
9642
1648
5340
2716
3069
5165
5657
8908
9675
9456
3289
9748
6451
3337
5868
6495
2479
218
8736
5185
8874
5662
8207
2453
4191
7911
9073
2515
1637
8981
5103
1258
1560
9575
2088
5874
6220
7836
6881
4444
6853
1823
708
9646
9531
5696
7151
4015
7595
2407
4116
9249
4895
2548
8036
8837
8773
141
4721
2832
2652
3560
675
2555
6041
7837
135
4052
1416
6223
9573
7724
7118
6735
7954
8246
7233
5703
5792
6914
4672
9668
1195
9222
243
6008
3858
2077
3364
9228
6966
8558
5649
4585
925
6607
6532
2577
5080
2076
7446
5711
4141
8697
1940
7096
735
4041
3207
6917
2605
1993
3733
3750
9735
2462
9911
7182
4076
5920
5743
8028
4611
7428
8681
9473
9691
4064
7231
2931
8887
1967
549
6776
4876
2425
6652
4660
3615
7013
1515
9366
1831
4464
880
774
1028
5460
9092
1978
4736
6243
7223
5958
5609
9608
3114
4497
7926
2019
2795
7812
6161
4133
4995
1026
958
9072
2101
6559
9792
5497
7641
2975
9864
1844
7842
6591
707
7328
1041
3623
3995
8254
526
347
6222
665
9181
8927
5422
7691
4026
9995
2837
5810
1894
5857
5204
7953
5335
5261
9307
9516
8423
2028
3346
6002
7572
3103
509
4562
2728
5205
6812
658
4587
3191
2904
9773
9140
5087
8335
6050
5121
8725
9808
2598
9582
3385
3972
1824
56
904
5246
3872
5928
4148
1562
6032
562
2300
3810
5206
2781
9643
2395
4480
8461
8172
6014
8769
4443
2988
1638
2680
4156
8847
3198
7149
8204
1508
9119
269
2203
327
2973
4828
3245
3186
762
9551
3027
9295
2258
360
4416
8275
1035
5507
4234
4705
1712
8973
7491
8690
2376
1442
8201
7454
9969
1139
5728
2491
3382
7529
969
1911
4774
5290
5789
710
7713
3513
7877
7647
45
6874
9128
9727
7662
3151
2306
9586
8850
3315
3828
4185
2041
3448
1927
2094
283
2949
4800
9003
5476
3852
6600
1710
3247
1132
1106
7525
5209
1178
4635
740
2885
8776
4646
6748
6390
6416
3024
1108
4999
2536
1337
7897
394
7410
5283
4544
4534
9746
7799
3068
9059
1811
5622
8429
3719
3213
6908
4609
7007
5811
5536
6132
5612
5918
9997
7846
3611
6073
8846
5615
2292
1381
6983
4439
4654
3229
4051
8764
3575
3264
2432
5111
1255
4904
9346
669
2253
1501
2354
9800
3256
7477
1754
9344
407
3093
2502
9501
8050
3020
5352
6095
1598
4980
642
2332
918
951
9338
3993
9562
9798
4049
6138
4994
2537
8285
7112
1069
5731
7794
5086
528
2846
2342
9147
1808
70
7066
8389
4767
3269
2738
5085
5914
5278
5164
5827
6832
2897
2993
7951
3780
4137
1773
4859
6994
3409
3517
5397
8589
8322
2034
5525
2802
6841
5388
9577
6419
5684
2375
976
9929
1101
6852
3731
1928
8432
4087
9885
8804
7666
3540
6824
5923
2810
7343
395
1621
8202
1912
3967
7628
5465
2220
7351
3996
1418
7080
2069
8328
1503
2268
8926
6653
8234
911
3625
5511
2890
9520
2036
149
3847
4400
5603
2660
9665
568
2506
705
6907
2475
6040
3976
318
1469
300
4877
3635
9846
3574
9793
8642
8445
6009
1298
1487
6100
7432
24
1642
3879
4796
2441
3771
988
6279
596
4373
7952
5977
5670
2932
2140
445
8702
2492
4514
3465
792
6622
4861
4268
5244
5984
7978
4019
840
1369
8493
8357
320
6171
9380
99
960
954
523
1415
4658
6411
5708
7773
8063
2456
2552
1336
1452
3651
1982
3464
6879
1127
1582
2995
1498
5125
8373
4285
4069
9292
8146
6434
2597
2174
7670
1303
5000
5193
2704
8848
9290
4729
9408
799
6106
3825
1700
9377
771
3515
9678
8520
2339
5725
7816
8430
527
7813
9673
3104
7371
1163
1321
9664
6878
1730
2520
8353
7758
6636
8510
1878
1566
4786
5239
7543
9776
1585
5112
6905
9379
2696
5940
8311
5295
2027
9982
9137
9494
8597
1164
8071
328
1232
3157
3211
430
6184
2992
4542
2600
8974
910
2742
9403
7565
7357
3503
6549
285
8467
3907
7
9855
6912
6550
6694
6524
8880
5410
8749
1320
5891
6318
3193
6294
997
9837
3308
6296
6010
802
9365
2089
1728
604
1314
1936
3909
2303
4829
9805
6291
6700
6661
6120
1061
8942
4341
4837
2345
7019
8079
9427
8114
1665
728
2800
518
1227
1953
6119
1526
4366
4299
1662
909
2073
8751
9694
6900
9373
6308
6349
7621
1160
6275
2692
2911
8497
8517
7690
4543
2347
5250
9237
8375
458
7511
9082
6437
9660
5413
5877
237
4505
479
2838
7956
7855
6042
3583
9630
676
3938
1547
9687
2863
5642
730
4460
1479
86
9545
3649
1377
340
4519
8471
4109
7471
82
6883
4549
6644
8934
6305
6190
5118
698
2630
6056
7984
4007
3105
123
966
8937
2388
2655
8153
9790
7562
7053
3005
4038
9866
5321
9713
4696
2574
9224
5343
6219
718
3775
5320
4171
7248
7676
4794
6448
9576
2908
8102
1652
9595
3449
9095
94
1799
6668
271
6458
1393
4158
1614
6702
9740
9223
9801
8715
6996
1737
1137
41
8379
2328
3073
1688
2193
199
6677
8321
6202
5260
3764
312
3859
4080
9442
1938
4261
5608
7298
7946
8636
5787
4056
9025
5540
8399
7686
6843
5937
4864
7602
2844
389
8476
6204
3913
6026
26
571
5692
1119
5385
4397
3885
7527
6356
7854
4588
4421
6856
5097
7955
3554
448
747
2686
8392
5414
3470
4879
8688
6418
37
3519
1206
892
5175
6058
7267
6646
7457
9076
384
9457
4070
7546
7099
781
3653
8703
8077
9710
5632
8766
5254
8225
6731
3117
2688
3514
3277
9952
1731
4814
1790
6494
5543
3051
3010
9897
7629
9143
7734
1925
4124
829
3124
9118
9162
2857
9177
1133
6064
6503
3026
2546
8758
8252
9204
9056
4043
3911
3144
1347
6511
5271
8977
6057
7387
8765
1876
628
2849
6078
2173
1097
9769
4756
9629
2926
1071
9975
8659
1016
2367
231
5462
6884
1392
5216
442
1136
7859
6547
7497
8802
2974
5637
2894
6833
6645
331
1771
6918
1942
8673
2331
4083
7202
3833
644
3435
1527
2133
7086
9250
1729
2468
5991
939
4405
1391
8756
6501
9247
9750
8504
5594
1580
4747
275
5784
5370
5330
8551
2495
8263
3746
7924
9012
8282
2110
6787
6573
8273
8182
6340
388
5744
1949
9256
6439
322
7709
6581
3083
919
261
7903
7310
4686
805
2272
8072
4681
9670
44
1467
4949
4442
7892
3979
1965
6066
3090
597
369
3404
5734
2393
511
6029
5961
4968
3826
9091
7995
6931
210
5042
5741
127
9104
2279
1594
7068
1989
2400
2042
2149
5433
7618
5333
8053
7800
3017
6158
3672
1721
8490
5919
868
3156
8502
9641
5329
3080
8544
6613
359
6546
1013
5570
8891
5002
4295
3287
8415
8018
615
1496
8791
7635
2021
6764
6226
947
2078
6587
5722
4012
9193
812
1845
4618
6502
1437
4272
355
4576
621
3880
8949
5715
8747
2383
6393
5307
8075
8586
1263
1340
8896
8857
3014
6691
8733
1875
7399
8121
8588
4307
1060
5943
6481
5100
5992
348
1311
8060
9388
6278
5171
9086
6326
6507
8464
9349
2573
4330
3133
1514
7140
6633
7473
7170
2553
9430
1125
9294
1682
9777
3175
6268
1485
8031
3386
263
7012
1847
7580
8313
1976
2734
3025
2228
3084
2353
6218
545
1104
7091
8336
3997
9657
2746
3274
6815
1884
168
5851
4671
7581
5625
9637
2811
2925
4532
316
6405
3290
9142
5150
8436
3043
2004
7352
4930
8371
2498
5293
5672
970
7384
9205
6536
3857
1778
5095
2591
2493
7967
4842
3749
8915
1434
9130
4996
4755
5279
2287
134
3688
332
882
2587
7765
9112
7971
4601
6169
351
1040
5529
1832
8372
2309
2233
5158
8637
7050
8863
8939
8287
7253
3349
6624
1338
1158
4010
4322
5998
5277
4162
2789
3190
825
995
5606
3987
5894
6048
6925
5107
9609
2514
7452
633
1553
4306
5387
3694
8235
4699
8693
5057
5395
1624
9797
4309
9390
1344
493
3447
1746
3772
8438
4086
9757
4136
8716
8564
7195
6692
3773
3352
9375
2172
8451
3693
5502
6016
2705
179
6407
3425
272
4764
6567
748
7040
8428
1259
1447
5535
3966
3894
8595
8256
3273
8721
8170
638
7185
9037
1843
7128
2119
4342
5398
7665
5748
6664
1421
7502
3486
851
2721
3551
5161
5716
9566
5971
7132
5485
9854
6179
6782
8105
9939
8792
9413
9052
9505
2439
7000
8345
2805
3544
2050
7744
1034
2634
5019
7289
1049
6341
2627
1689
7515
4189
5427
3230
4546
2620
854
6456
847
2239
7483
1686
1639
4577
3238
4436
6455
9376
5816
4151
8556
2999
4383
5532
7362
9381
9874
6849
796
9105
9106
7122
2869
9581
3016
6827
3428
8035
4545
1696
4378
3667
8298
7570
1809
3366
8800
2420
1351
6127
2329
9502
1128
4874
1483
9475
114
129
5750
9548
9876
9955
4925
346
7714
8359
2889
8799
3811
9971
2848
8411
9981
4208
2735
5518
8785
6322
2937
1382
2950
8435
2314
2054
948
2583
5182
7620
5626
9840
800
3208
3961
7441
3606
8118
5907
9019
8868
3164
1169
8393
5003
1904
2356
5038
3393
6234
8552
1603
8860
535
1716
4050
5559
9088
109
8419
3015
8032
1736
4513
7285
4900
9115
157
